H : [[-0.42713219  0.         -0.07973832  0.01279774  0.          0.
   0.          0.          0.          0.          0.          0.
   0.          0.          0.          0.          0.          0.
   0.          0.          0.          0.          0.          0.        ]
 [ 0.         -0.69352944 -0.08104083  0.01149521  0.          0.
   0.          0.          0.          0.          0.          0.
   0.          0.          0.          0.          0.          0.
   0.          0.          0.          0.          0.          0.        ]
 [-0.07973832 -0.08104083 -0.20108458  0.          0.02663311  0.09703951
   0.          0.          0.          0.          0.          0.
   0.          0.          0.          0.          0.          0.
   0.          0.          0.          0.          0.          0.        ]
 [ 0.01279774  0.01149521  0.         -1.82630158  0.28026637  0.39334407
   0.          0.          0.          0.          0.          0.
   0.          0.          0.          0.          0.          0.
   0.          0.          0.          0.          0.          0.        ]
 [ 0.          0.          0.02663311  0.28026637 -0.51336264  0.
  -0.03044921 -0.01938543  0.          0.          0.          0.
   0.          0.          0.          0.          0.          0.
   0.          0.          0.          0.          0.          0.        ]
 [ 0.          0.          0.09703951  0.39334407  0.         -0.76551831
  -0.03117557 -0.02011179  0.          0.          0.          0.
   0.          0.          0.          0.          0.          0.
   0.          0.          0.          0.          0.          0.        ]
 [ 0.          0.          0.          0.         -0.03044921 -0.03117557
  -1.96023696  0.          0.39034009  0.44009537  0.          0.
   0.          0.          0.          0.          0.          0.
   0.          0.          0.          0.          0.          0.        ]
 [ 0.          0.          0.          0.         -0.01938543 -0.02011179
   0.         -0.67294639 -0.17514832 -0.05569895  0.          0.
   0.          0.          0.          0.          0.          0.
   0.          0.          0.          0.          0.          0.        ]
 [ 0.          0.          0.          0.          0.          0.
   0.39034009 -0.17514832 -3.62319576  0.          0.09692386  0.0293142
   0.          0.          0.          0.          0.          0.
   0.          0.          0.          0.          0.          0.        ]
 [ 0.          0.          0.          0.          0.          0.
   0.44009537 -0.05569895  0.         -0.69254954  0.03394766  0.02515651
   0.          0.          0.          0.          0.          0.
   0.          0.          0.          0.          0.          0.        ]
 [ 0.          0.          0.          0.          0.          0.
   0.          0.          0.09692386  0.03394766 -1.21783315  0.
   0.16094519  0.15721522  0.          0.          0.          0.
   0.          0.          0.          0.          0.          0.        ]
 [ 0.          0.          0.          0.          0.          0.
   0.          0.          0.0293142   0.02515651  0.         -0.63307643
   0.06635574  0.06262577  0.          0.          0.          0.
   0.          0.          0.          0.          0.          0.        ]
 [ 0.          0.          0.          0.          0.          0.
   0.          0.          0.          0.          0.16094519  0.06635574
  -2.56442266  0.          0.87936914  0.86486256  0.          0.
   0.          0.          0.          0.          0.          0.        ]
 [ 0.          0.          0.          0.          0.          0.
   0.          0.          0.          0.          0.15721522  0.06262577
   0.         -1.89465474  0.54402184  0.53003746  0.          0.
   0.          0.          0.          0.          0.          0.        ]
 [ 0.          0.          0.          0.          0.          0.
   0.          0.          0.          0.          0.          0.
   0.87936914  0.54402184 -4.02377629  0.         -0.09979566 -0.00836663
   0.          0.          0.          0.          0.          0.        ]
 [ 0.          0.          0.          0.          0.          0.
   0.          0.          0.          0.          0.          0.
   0.86486256  0.53003746  0.         -1.19147626 -0.06350709  0.02878663
   0.          0.          0.          0.          0.          0.        ]
 [ 0.          0.          0.          0.          0.          0.
   0.          0.          0.          0.          0.          0.
   0.          0.         -0.09979566 -0.06350709 -0.35773275  0.
   0.01590225  0.02549632  0.          0.          0.          0.        ]
 [ 0.          0.          0.          0.          0.          0.
   0.          0.          0.          0.          0.          0.
   0.          0.         -0.00836663  0.02878663  0.         -1.24728752
   0.29574665  0.12239801  0.          0.          0.          0.        ]
 [ 0.          0.          0.          0.          0.          0.
   0.          0.          0.          0.          0.          0.
   0.          0.          0.          0.          0.01590225  0.29574665
  -0.29306976  0.         -0.03485449 -0.11660078  0.          0.        ]
 [ 0.          0.          0.          0.          0.          0.
   0.          0.          0.          0.          0.          0.
   0.          0.          0.          0.          0.02549632  0.12239801
   0.         -1.54109258  0.97272134  0.1023553   0.          0.        ]
 [ 0.          0.          0.          0.          0.          0.
   0.          0.          0.          0.          0.          0.
   0.          0.          0.          0.          0.          0.
  -0.03485449  0.97272134 -1.65587536  0.          0.0324678   0.16011253]
 [ 0.          0.          0.          0.          0.          0.
   0.          0.          0.          0.          0.          0.
   0.          0.          0.          0.          0.          0.
  -0.11660078  0.1023553   0.         -3.21742359  0.97898209  1.10670114]
 [ 0.          0.          0.          0.          0.          0.
   0.          0.          0.          0.          0.          0.
   0.          0.          0.          0.          0.          0.
   0.          0.          0.0324678   0.97898209 -1.52050587  0.        ]
 [ 0.          0.          0.          0.          0.          0.
   0.          0.          0.          0.          0.          0.
   0.          0.          0.          0.          0.          0.
   0.          0.          0.16011253  1.10670114  0.         -2.30982509]] 


The result of the noisy quantum optimisation using QAOA is: 
'best measurement' {'state': 6641066, 'bitstring': '011001010101010110101010', 'value': (-14.785859901458025+0j), 'probability': 0.001}Optimal parameters: {ParameterVectorElement(β[0]): 0.0234375, ParameterVectorElement(γ[0]): 1.0}'The ground state energy with noisy QAOA is: ' 12.129465900361538Aer Simulator run time: 1091.7308259010315 seconds