H : [[-1.67837974  0.          0.78744197  0.06840417  0.          0.
   0.          0.        ]
 [ 0.         -0.82780563  0.25178498 -0.07348896  0.          0.
   0.          0.        ]
 [ 0.78744197  0.25178498 -2.1113303   0.          0.18195134  0.10844317
   0.          0.        ]
 [ 0.06840417 -0.07348896  0.         -0.43335065  0.0962225   0.02274992
   0.          0.        ]
 [ 0.          0.          0.18195134  0.0962225  -0.45271923  0.
  -0.21042873 -0.2377609 ]
 [ 0.          0.          0.10844317  0.02274992  0.         -0.53097611
   0.04055031  0.01424287]
 [ 0.          0.          0.          0.         -0.21042873  0.04055031
  -0.65981978  0.        ]
 [ 0.          0.          0.          0.         -0.2377609   0.01424287
   0.         -0.77433716]] 


Classical optimisation results.
Ground energy eigsh: -6.418605960905547
Ground state wavefunction eigsh: [-1.00000000e+00 -1.25384906e-16 -6.10375283e-17  1.87463418e-17
  8.87500388e-17 -9.87177979e-17 -6.28882661e-17 -2.07685411e-18
 -1.13723081e-16  1.83715930e-16 -1.91393022e-17 -1.98695463e-16
 -4.92034745e-16  1.53665763e-16 -3.52742498e-17 -1.58549123e-18
 -2.78355790e-16 -1.77896286e-16 -3.49318276e-16  7.51745841e-18
 -3.18362046e-16  9.21839938e-17  6.83597711e-17 -1.89837305e-17
 -1.04279116e-16 -2.64209783e-17  1.67768449e-17  1.15115810e-17
  1.37398061e-16  1.44626742e-17  3.01737889e-17  1.45339402e-17
 -4.63780847e-16  3.04288689e-17 -8.44818336e-17 -2.85468267e-18
  4.25154234e-17 -8.84118062e-18 -2.28112899e-17 -1.99626273e-17
 -3.60787512e-17  5.29166819e-18 -1.87358918e-18  1.58029814e-18
  4.15172715e-18 -2.67741733e-18  2.78493588e-17  3.29095758e-17
 -4.21427881e-16  8.07434187e-18 -1.96460890e-17  8.00460323e-18
  2.95782820e-17 -7.13392915e-18 -3.09969363e-17 -2.79260130e-18
 -4.97291106e-18 -1.71901629e-17 -3.54699417e-17  1.63972006e-17
  2.27457742e-18 -2.78856478e-17 -3.31630860e-17 -1.20494725e-17
  3.19484190e-16  9.48542210e-17 -1.39704803e-16  2.14029393e-17
  1.80605347e-17  8.20410828e-19 -1.69128835e-17 -2.49479533e-17
  1.64139420e-16 -4.04903960e-17 -5.11605243e-17  3.67102350e-18
  1.36826708e-16 -9.56501456e-19  1.21268402e-17 -1.31312241e-17
 -2.39800504e-16  1.03578232e-18 -1.01752861e-16  2.80978998e-17
  6.66890123e-17 -1.08849247e-17 -2.31213364e-18  3.50110052e-17
  6.74801370e-17 -7.51255098e-18 -1.10967226e-18 -4.46525188e-18
  9.15231734e-18  2.49338756e-17  6.31627422e-18 -3.51067265e-17
 -4.27772893e-17  1.77510026e-17 -2.03405096e-17 -4.46595820e-17
  1.66961038e-17 -1.67563297e-17  7.10869251e-18  2.76790213e-18
 -9.30209956e-18 -1.27357976e-17 -1.69383893e-17 -4.06988303e-17
  1.44700761e-17 -2.18184145e-17 -1.24680387e-17 -1.58131281e-17
  8.43314681e-18 -3.59493190e-17  1.67929246e-17  2.31087998e-17
 -3.64244665e-18  2.51027060e-17  5.58394406e-18 -1.80721453e-17
  1.55785973e-17  1.46116863e-17  6.80630209e-18  1.94134248e-17
 -7.09451490e-18  1.70373675e-17 -1.67814078e-17  4.91974250e-18
  7.45078263e-17 -4.56305864e-17 -4.15039541e-17 -2.11067217e-17
 -3.27531278e-16 -7.41021112e-18  2.20312196e-18  4.37648034e-17
 -1.19837624e-17 -7.30460775e-18  3.65083211e-17  2.48464496e-17
 -6.10844755e-17  1.28279212e-18  1.55533831e-17  3.71502869e-17
  3.12351658e-16 -6.19686580e-18 -4.01093089e-18 -3.32605821e-17
 -7.22639261e-17  1.31502254e-17  2.79251965e-17  4.62901557e-17
 -3.96332064e-19 -1.43225705e-17  1.53123824e-18 -4.82113420e-17
 -1.31776917e-18  3.52817656e-17  1.44528964e-17  1.86019110e-17
  3.43796822e-17  2.65262065e-17  2.13332572e-17  4.76318940e-18
 -5.26941926e-18 -3.33572160e-19 -1.59174281e-17  5.39187302e-18
 -1.99783627e-17  1.16653578e-18 -6.16751816e-18  1.45464941e-18
 -1.27799673e-17 -5.16298450e-18 -1.76517046e-17  2.28487752e-17
 -2.01603749e-17 -1.03884322e-17  1.34642674e-17  2.66226011e-18
  3.40562481e-18  9.74272092e-18 -2.77240319e-18  4.69205743e-19
  5.17349760e-18 -2.61260109e-18 -3.75745374e-18  6.98633049e-18
 -1.56287708e-17  9.30679200e-18  2.69022762e-17 -1.25233834e-17
  1.44454546e-16  5.45594865e-18 -7.06780673e-18  1.76907989e-17
 -1.19898965e-17 -2.02441640e-17  2.98905159e-17  7.44932782e-18
  8.84359150e-19  1.08938248e-17  1.57034439e-17 -3.74512946e-17
  2.17540683e-17  3.08027923e-17  3.36931964e-17 -1.90839681e-17
 -9.36263385e-17  1.07593665e-17 -1.11908237e-17 -2.32637713e-17
  4.83290644e-18  2.89288503e-17 -1.30077037e-17  2.11644134e-18
 -1.95371967e-17  1.89983190e-17 -4.02693884e-17  1.14358600e-17
 -1.10540714e-17  8.40088192e-18  3.56223193e-17  1.94286665e-17
  1.24742917e-17  2.76465641e-18  4.35770263e-19  4.19196775e-18
  4.96361068e-18 -1.33654765e-17  1.19988615e-17 -8.87581740e-18
  8.99202386e-18 -2.47194326e-18  1.01316342e-19 -4.33423178e-19
  3.52615604e-18 -1.47696799e-17  3.47877211e-17 -3.09149627e-17
 -1.60287810e-17  2.15134780e-17  5.46367761e-18 -2.00844499e-18
  3.31934380e-19 -3.71219118e-17  2.78546150e-19  3.72523444e-17
 -3.02441363e-17 -7.61227594e-18  1.18704879e-17  3.84181107e-19
 -1.37731361e-19 -8.37573792e-18  2.48375551e-17  4.06501511e-17]


The result of the quantum optimisation using QAOA is: 
'best measurement' {'state': 90, 'bitstring': '01011010', 'value': (-2.326575018465519+0j), 'probability': 0.0427271441378582}
Local Simulation run time: 0.5779070854187012 seconds


The result of the noisy quantum optimisation using QAOA is: 
'best measurement' {'state': 0, 'bitstring': '00000000', 'value': (-6.418605960905552+0j), 'probability': 0.004}Optimal parameters: {ParameterVectorElement(β[0]): 0.7655509765164601, ParameterVectorElement(γ[0]): 0.34095094002133125}'The ground state energy with noisy QAOA is: ' -6.418605960905552Aer Simulator run time: 78.39358901977539 seconds