H : [[-1.08121198  0.          0.33278078  0.13461363  0.          0.
   0.          0.          0.          0.          0.          0.        ]
 [ 0.         -0.57243154  0.09390352 -0.17327106  0.          0.
   0.          0.          0.          0.          0.          0.        ]
 [ 0.33278078  0.09390352 -0.26733045  0.         -0.43623233 -0.41750348
   0.          0.          0.          0.          0.          0.        ]
 [ 0.13461363 -0.17327106  0.         -1.80399963  0.20287368  0.22161198
   0.          0.          0.          0.          0.          0.        ]
 [ 0.          0.         -0.43623233  0.20287368  0.65915324  0.
  -0.28002769 -0.35615745  0.          0.          0.          0.        ]
 [ 0.          0.         -0.41750348  0.22161198  0.          0.27999496
  -0.26871347 -0.3448478   0.          0.          0.          0.        ]
 [ 0.          0.          0.          0.         -0.28002769 -0.26871347
  -6.08232778  0.          3.17071486  2.64523292  0.          0.        ]
 [ 0.          0.          0.          0.         -0.35615745 -0.3448478
   0.         -4.64945412  2.40896654  2.48331833  0.          0.        ]
 [ 0.          0.          0.          0.          0.          0.
   3.17071486  2.40896654 -7.51497899  0.          1.08172631  0.7236203 ]
 [ 0.          0.          0.          0.          0.          0.
   2.64523292  2.48331833  0.         -8.43837434  1.19834018  0.84147018]
 [ 0.          0.          0.          0.          0.          0.
   0.          0.          1.08172631  1.19834018 -2.83049846  0.        ]
 [ 0.          0.          0.          0.          0.          0.
   0.          0.          0.7236203   0.84147018  0.         -3.37866527]] 


The result of the noisy quantum optimisation using QAOA is: 
'best measurement' {'state': 1690, 'bitstring': '011010011010', 'value': (-5.858619995415211+0j), 'probability': 0.027}Optimal parameters: {ParameterVectorElement(β[0]): 1.4806349165740627, ParameterVectorElement(γ[0]): 1.2492500842042842}'The ground state energy with noisy QAOA is: ' 16.559084445238113Aer Simulator run time: 0.6713159084320068 seconds