H : [[-0.60140581  0.         -0.07975836  0.17184725  0.          0.
   0.          0.          0.          0.          0.          0.
   0.          0.          0.          0.          0.          0.        ]
 [ 0.         -1.03139736 -0.04768631  0.02311872  0.          0.
   0.          0.          0.          0.          0.          0.
   0.          0.          0.          0.          0.          0.        ]
 [-0.07975836 -0.04768631 -0.34229762  0.          0.03874105 -0.05732819
   0.          0.          0.          0.          0.          0.
   0.          0.          0.          0.          0.          0.        ]
 [ 0.17184725  0.02311872  0.         -2.07841696  0.76851678  0.3894673
   0.          0.          0.          0.          0.          0.
   0.          0.          0.          0.          0.          0.        ]
 [ 0.          0.          0.03874105  0.76851678 -1.14736227  0.
  -0.10377465 -0.09578893  0.          0.          0.          0.
   0.          0.          0.          0.          0.          0.        ]
 [ 0.          0.         -0.05732819  0.3894673   0.         -1.17964371
  -0.11101855 -0.10303283  0.          0.          0.          0.
   0.          0.          0.          0.          0.          0.        ]
 [ 0.          0.          0.          0.         -0.10377465 -0.11101855
  -0.48910538  0.          0.11572695  0.15226287  0.          0.
   0.          0.          0.          0.          0.          0.        ]
 [ 0.          0.          0.          0.         -0.09578893 -0.10303283
   0.         -0.69842216  0.26751381  0.30558836  0.          0.
   0.          0.          0.          0.          0.          0.        ]
 [ 0.          0.          0.          0.          0.          0.
   0.11572695  0.26751381 -4.45349056  0.          1.38153124  1.36058521
   0.          0.          0.          0.          0.          0.        ]
 [ 0.          0.          0.          0.          0.          0.
   0.15226287  0.30558836  0.         -4.53400618  1.36067235  1.46511698
   0.          0.          0.          0.          0.          0.        ]
 [ 0.          0.          0.          0.          0.          0.
   0.          0.          1.38153124  1.36067235 -4.15091103  0.
   0.20611089  0.16999149  0.          0.          0.          0.        ]
 [ 0.          0.          0.          0.          0.          0.
   0.          0.          1.36058521  1.46511698  0.         -3.73813567
   0.00959984  0.06195127  0.          0.          0.          0.        ]
 [ 0.          0.          0.          0.          0.          0.
   0.          0.          0.          0.          0.20611089  0.00959984
  -0.85577623  0.          0.16925427  0.10855556  0.          0.        ]
 [ 0.          0.          0.          0.          0.          0.
   0.          0.          0.          0.          0.16999149  0.06195127
   0.         -1.84929865  0.2909888   0.22784513  0.          0.        ]
 [ 0.          0.          0.          0.          0.          0.
   0.          0.          0.          0.          0.          0.
   0.16925427  0.2909888  -1.58368602  0.          0.09930898  0.0566694 ]
 [ 0.          0.          0.          0.          0.          0.
   0.          0.          0.          0.          0.          0.
   0.10855556  0.22784513  0.         -1.41234508 -0.05319183 -0.09556638]
 [ 0.          0.          0.          0.          0.          0.
   0.          0.          0.          0.          0.          0.
   0.          0.          0.09930898 -0.05319183 -1.00573918  0.        ]
 [ 0.          0.          0.          0.          0.          0.
   0.          0.          0.          0.          0.          0.
   0.          0.          0.0566694  -0.09556638  0.         -1.01719028]] 


The result of the noisy quantum optimisation using QAOA is: 
'best measurement' {'state': 174694, 'bitstring': '101010101001100110', 'value': (-4.7512383088469505+0j), 'probability': 0.011}Optimal parameters: {ParameterVectorElement(β[0]): 1.5592049433312523, ParameterVectorElement(γ[0]): 1.06886123206011}'The ground state energy with noisy QAOA is: ' 18.963573336601257Aer Simulator run time: 18.86743187904358 seconds