H : [[-1.23537704  0.          0.26279384  0.19480625  0.          0.
   0.          0.          0.          0.          0.          0.
   0.          0.          0.          0.          0.          0.
   0.          0.          0.          0.          0.          0.
   0.          0.          0.          0.          0.          0.        ]
 [ 0.         -0.93455808  0.09311481  0.02385542  0.          0.
   0.          0.          0.          0.          0.          0.
   0.          0.          0.          0.          0.          0.
   0.          0.          0.          0.          0.          0.
   0.          0.          0.          0.          0.          0.        ]
 [ 0.26279384  0.09311481 -2.0399514   0.          0.11101742  0.23714732
   0.          0.          0.          0.          0.          0.
   0.          0.          0.          0.          0.          0.
   0.          0.          0.          0.          0.          0.
   0.          0.          0.          0.          0.          0.        ]
 [ 0.19480625  0.02385542  0.         -0.78556625 -0.06311292  0.09168772
   0.          0.          0.          0.          0.          0.
   0.          0.          0.          0.          0.          0.
   0.          0.          0.          0.          0.          0.
   0.          0.          0.          0.          0.          0.        ]
 [ 0.          0.          0.11101742 -0.06311292 -0.44452965  0.
  -0.21427728 -0.15405947  0.          0.          0.          0.
   0.          0.          0.          0.          0.          0.
   0.          0.          0.          0.          0.          0.
   0.          0.          0.          0.          0.          0.        ]
 [ 0.          0.          0.23714732  0.09168772  0.         -0.22432091
  -0.14289834 -0.08456095  0.          0.          0.          0.
   0.          0.          0.          0.          0.          0.
   0.          0.          0.          0.          0.          0.
   0.          0.          0.          0.          0.          0.        ]
 [ 0.          0.          0.          0.         -0.21427728 -0.14289834
  -1.06425586  0.          0.22651678  0.26642239  0.          0.
   0.          0.          0.          0.          0.          0.
   0.          0.          0.          0.          0.          0.
   0.          0.          0.          0.          0.          0.        ]
 [ 0.          0.          0.          0.         -0.15405947 -0.08456095
   0.         -0.31910914  0.1709201   0.21936095  0.          0.
   0.          0.          0.          0.          0.          0.
   0.          0.          0.          0.          0.          0.
   0.          0.          0.          0.          0.          0.        ]
 [ 0.          0.          0.          0.          0.          0.
   0.22651678  0.1709201  -0.1056947   0.         -0.16128488 -0.22234412
   0.          0.          0.          0.          0.          0.
   0.          0.          0.          0.          0.          0.
   0.          0.          0.          0.          0.          0.        ]
 [ 0.          0.          0.          0.          0.          0.
   0.26642239  0.21936095  0.         -0.85261005  0.00374196 -0.04640113
   0.          0.          0.          0.          0.          0.
   0.          0.          0.          0.          0.          0.
   0.          0.          0.          0.          0.          0.        ]
 [ 0.          0.          0.          0.          0.          0.
   0.          0.         -0.16128488  0.00374196 -0.81769006  0.
   0.09471373  0.16018811  0.          0.          0.          0.
   0.          0.          0.          0.          0.          0.
   0.          0.          0.          0.          0.          0.        ]
 [ 0.          0.          0.          0.          0.          0.
   0.          0.         -0.22234412 -0.04640113  0.         -0.89780405
   0.07936193  0.16892053  0.          0.          0.          0.
   0.          0.          0.          0.          0.          0.
   0.          0.          0.          0.          0.          0.        ]
 [ 0.          0.          0.          0.          0.          0.
   0.          0.          0.          0.          0.09471373  0.07936193
  -2.57090346  0.          0.18565114 -0.03484438  0.          0.
   0.          0.          0.          0.          0.          0.
   0.          0.          0.          0.          0.          0.        ]
 [ 0.          0.          0.          0.          0.          0.
   0.          0.          0.          0.          0.16018811  0.16892053
   0.         -0.11585406  0.0720118  -0.03456248  0.          0.
   0.          0.          0.          0.          0.          0.
   0.          0.          0.          0.          0.          0.        ]
 [ 0.          0.          0.          0.          0.          0.
   0.          0.          0.          0.          0.          0.
   0.18565114  0.0720118  -0.75712651  0.         -0.01163594 -0.01194913
   0.          0.          0.          0.          0.          0.
   0.          0.          0.          0.          0.          0.        ]
 [ 0.          0.          0.          0.          0.          0.
   0.          0.          0.          0.          0.          0.
  -0.03484438 -0.03456248  0.         -0.70850505 -0.01992772 -0.02024091
   0.          0.          0.          0.          0.          0.
   0.          0.          0.          0.          0.          0.        ]
 [ 0.          0.          0.          0.          0.          0.
   0.          0.          0.          0.          0.          0.
   0.          0.         -0.01163594 -0.01992772 -1.22307364  0.
  -0.04809636 -0.02467049  0.          0.          0.          0.
   0.          0.          0.          0.          0.          0.        ]
 [ 0.          0.          0.          0.          0.          0.
   0.          0.          0.          0.          0.          0.
   0.          0.         -0.01194913 -0.02024091  0.         -1.87542164
   0.01997506  0.08320077  0.          0.          0.          0.
   0.          0.          0.          0.          0.          0.        ]
 [ 0.          0.          0.          0.          0.          0.
   0.          0.          0.          0.          0.          0.
   0.          0.          0.          0.         -0.04809636  0.01997506
  -2.95068992  0.          0.29560319 -0.06121656  0.          0.
   0.          0.          0.          0.          0.          0.        ]
 [ 0.          0.          0.          0.          0.          0.
   0.          0.          0.          0.          0.          0.
   0.          0.          0.          0.         -0.02467049  0.08320077
   0.         -0.03506465  0.12924013 -0.02030206  0.          0.
   0.          0.          0.          0.          0.          0.        ]
 [ 0.          0.          0.          0.          0.          0.
   0.          0.          0.          0.          0.          0.
   0.          0.          0.          0.          0.          0.
   0.29560319  0.12924013 -1.7451739   0.          0.40914887  0.37915316
   0.          0.          0.          0.          0.          0.        ]
 [ 0.          0.          0.          0.          0.          0.
   0.          0.          0.          0.          0.          0.
   0.          0.          0.          0.          0.          0.
  -0.06121656 -0.02030206  0.         -2.02596131  0.50249648  0.4725008
   0.          0.          0.          0.          0.          0.        ]
 [ 0.          0.          0.          0.          0.          0.
   0.          0.          0.          0.          0.          0.
   0.          0.          0.          0.          0.          0.
   0.          0.          0.40914887  0.50249648 -1.94511506  0.
   0.31291872  0.42116359  0.          0.          0.          0.        ]
 [ 0.          0.          0.          0.          0.          0.
   0.          0.          0.          0.          0.          0.
   0.          0.          0.          0.          0.          0.
   0.          0.          0.37915316  0.4725008   0.         -2.71693021
   0.3794255   0.49879897  0.          0.          0.          0.        ]
 [ 0.          0.          0.          0.          0.          0.
   0.          0.          0.          0.          0.          0.
   0.          0.          0.          0.          0.          0.
   0.          0.          0.          0.          0.31291872  0.3794255
  -3.12084027  0.         -0.01557829 -0.10844497  0.          0.        ]
 [ 0.          0.          0.          0.          0.          0.
   0.          0.          0.          0.          0.          0.
   0.          0.          0.          0.          0.          0.
   0.          0.          0.          0.          0.42116359  0.49879897
   0.         -1.09887024  0.04961684 -0.04318761  0.          0.        ]
 [ 0.          0.          0.          0.          0.          0.
   0.          0.          0.          0.          0.          0.
   0.          0.          0.          0.          0.          0.
   0.          0.          0.          0.          0.          0.
  -0.01557829  0.04961684 -1.59977273  0.          0.50631654  0.4704608 ]
 [ 0.          0.          0.          0.          0.          0.
   0.          0.          0.          0.          0.          0.
   0.          0.          0.          0.          0.          0.
   0.          0.          0.          0.          0.          0.
  -0.10844497 -0.04318761  0.          0.06005136  0.15700656  0.12115079]
 [ 0.          0.          0.          0.          0.          0.
   0.          0.          0.          0.          0.          0.
   0.          0.          0.          0.          0.          0.
   0.          0.          0.          0.          0.          0.
   0.          0.          0.50631654  0.15700656 -1.59723699  0.        ]
 [ 0.          0.          0.          0.          0.          0.
   0.          0.          0.          0.          0.          0.
   0.          0.          0.          0.          0.          0.
   0.          0.          0.          0.          0.          0.
   0.          0.          0.4704608   0.12115079  0.         -1.61399469]] 
