 H : [[-1.67837974  0.          0.78744197  0.06840417  0.          0.
   0.          0.        ]
 [ 0.         -0.82780563  0.25178498 -0.07348896  0.          0.
   0.          0.        ]
 [ 0.78744197  0.25178498 -2.1113303   0.          0.18195134  0.10844317
   0.          0.        ]
 [ 0.06840417 -0.07348896  0.         -0.43335065  0.0962225   0.02274992
   0.          0.        ]
 [ 0.          0.          0.18195134  0.0962225  -0.45271923  0.
  -0.21042873 -0.2377609 ]
 [ 0.          0.          0.10844317  0.02274992  0.         -0.53097611
   0.04055031  0.01424287]
 [ 0.          0.          0.          0.         -0.21042873  0.04055031
  -0.65981978  0.        ]
 [ 0.          0.          0.          0.         -0.2377609   0.01424287
   0.         -0.77433716]] 


Classical optimisation results.
Ground energy eigsh: -26.3265750184655
Ground state wavefunction eigsh: [30.41860596 30.41860596 30.41860596 30.41860596 30.41860596 30.41860596
 30.41860596 30.41860596 30.41860596 30.41860596 30.41860596 30.41860596
 30.41860596 30.41860596 30.41860596 30.41860596 30.41860596 30.41860596
 30.41860596 30.41860596 30.41860596 30.41860596 30.41860596 30.41860596
 30.41860596 30.41860596 30.41860596 30.41860596 30.41860596 30.41860596
 30.41860596 30.41860596 30.41860596 30.41860596 30.41860596 30.41860596
 30.41860596 30.41860596 30.41860596 30.41860596 30.41860596 30.41860596
 30.41860596 30.41860596 30.41860596 30.41860596 30.41860596 30.41860596
 30.41860596 30.41860596 30.41860596 30.41860596 30.41860596 30.41860596
 30.41860596 30.41860596 30.41860596 30.41860596 30.41860596 30.41860596
 30.41860596 30.41860596 30.41860596 30.41860596 30.41860596 30.41860596
 30.41860596 30.41860596 30.41860596 30.41860596 30.41860596 30.41860596
 30.41860596 30.41860596 30.41860596 30.41860596 30.41860596 30.41860596
 30.41860596 30.41860596 30.41860596 30.41860596 30.41860596 30.41860596
 30.41860596 30.41860596 30.41860596 30.41860596 30.41860596 30.41860596
 29.41860596 30.41860596 30.41860596 30.41860596 30.41860596 30.41860596
 30.41860596 30.41860596 30.41860596 30.41860596 30.41860596 30.41860596
 30.41860596 30.41860596 30.41860596 30.41860596 30.41860596 30.41860596
 30.41860596 30.41860596 30.41860596 30.41860596 30.41860596 30.41860596
 30.41860596 30.41860596 30.41860596 30.41860596 30.41860596 30.41860596
 30.41860596 30.41860596 30.41860596 30.41860596 30.41860596 30.41860596
 30.41860596 30.41860596 30.41860596 30.41860596 30.41860596 30.41860596
 30.41860596 30.41860596 30.41860596 30.41860596 30.41860596 30.41860596
 30.41860596 30.41860596 30.41860596 30.41860596 30.41860596 30.41860596
 30.41860596 30.41860596 30.41860596 30.41860596 30.41860596 30.41860596
 30.41860596 30.41860596 30.41860596 30.41860596 30.41860596 30.41860596
 30.41860596 30.41860596 30.41860596 30.41860596 30.41860596 30.41860596
 30.41860596 30.41860596 30.41860596 30.41860596 30.41860596 30.41860596
 30.41860596 30.41860596 30.41860596 30.41860596 30.41860596 30.41860596
 30.41860596 30.41860596 30.41860596 30.41860596 30.41860596 30.41860596
 30.41860596 30.41860596 30.41860596 30.41860596 30.41860596 30.41860596
 30.41860596 30.41860596 30.41860596 30.41860596 30.41860596 30.41860596
 30.41860596 30.41860596 30.41860596 30.41860596 30.41860596 30.41860596
 30.41860596 30.41860596 30.41860596 30.41860596 30.41860596 30.41860596
 30.41860596 30.41860596 30.41860596 30.41860596 30.41860596 30.41860596
 30.41860596 30.41860596 30.41860596 30.41860596 30.41860596 30.41860596
 30.41860596 30.41860596 30.41860596 30.41860596 30.41860596 30.41860596
 30.41860596 30.41860596 30.41860596 30.41860596 30.41860596 30.41860596
 30.41860596 30.41860596 30.41860596 30.41860596 30.41860596 30.41860596
 30.41860596 30.41860596 30.41860596 30.41860596 30.41860596 30.41860596
 30.41860596 30.41860596 30.41860596 30.41860596 30.41860596 30.41860596
 30.41860596 30.41860596 30.41860596 30.41860596 30.41860596 30.41860596
 30.41860596 30.41860596 30.41860596 30.41860596]


The result of the quantum optimisation using QAOA is: 
'best measurement' {'state': 90, 'bitstring': '01011010', 'value': (-26.32657501846552+0j), 'probability': 0.0089212871134766}
The ground state energy with QAOA is: 4.092030942440033Local Simulation run time: 0.9332261085510254 seconds


The result of the noisy quantum optimisation using QAOA is: 
'best measurement' {'state': 90, 'bitstring': '01011010', 'value': (-26.32657501846552+0j), 'probability': 0.007}Optimal parameters: {ParameterVectorElement(β[0]): 1.8245366624168424, ParameterVectorElement(γ[0]): 0.9370998003654429}'The ground state energy with noisy QAOA is: ' 4.092030942440033Aer Simulator run time: 72.79807901382446 seconds