H : [[-1.0812121   0.          0.33275977  0.13460788  0.          0.
   0.          0.          0.          0.          0.          0.        ]
 [ 0.         -0.57239122  0.09390233 -0.17328301  0.          0.
   0.          0.          0.          0.          0.          0.        ]
 [ 0.33275977  0.09390233 -0.26752044  0.         -0.43614259 -0.41741762
   0.          0.          0.          0.          0.          0.        ]
 [ 0.13460788 -0.17328301  0.         -1.80466148  0.202867    0.22160202
   0.          0.          0.          0.          0.          0.        ]
 [ 0.          0.         -0.43614259  0.202867    0.65919252  0.
  -0.28005102 -0.35617375  0.          0.          0.          0.        ]
 [ 0.          0.         -0.41741762  0.22160202  0.          0.28001156
  -0.26873636 -0.34486365  0.          0.          0.          0.        ]
 [ 0.          0.          0.          0.         -0.28005102 -0.26873636
  -6.08286586  0.          3.17080116  2.64543962  0.          0.        ]
 [ 0.          0.          0.          0.         -0.35617375 -0.34486365
   0.         -4.64973173  2.40919089  2.48353267  0.          0.        ]
 [ 0.          0.          0.          0.          0.          0.
   3.17080116  2.40919089 -7.51546867  0.          1.08173144  0.72353429]
 [ 0.          0.          0.          0.          0.          0.
   2.64543962  2.48353267  0.         -8.43872893  1.19837224  0.84141123]
 [ 0.          0.          0.          0.          0.          0.
   0.          0.          1.08173144  1.19837224 -2.83054769  0.        ]
 [ 0.          0.          0.          0.          0.          0.
   0.          0.          0.72353429  0.84141123  0.         -3.37851924]] 


The result of the noisy quantum optimisation using QAOA is: 
'best measurement' {'state': 1682, 'bitstring': '011010010010', 'value': (-44.08303905278444+0j), 'probability': 0.002}Optimal parameters: {ParameterVectorElement(β[0]): 2.4851492359386484, ParameterVectorElement(γ[0]): 2.9103818743196186}'The ground state energy with noisy QAOA is: ' 14.3363196849823Aer Simulator run time: 76.25248217582703 seconds