H : [[-1.07801604  0.          0.33310398  0.13395348  0.          0.
   0.          0.          0.          0.          0.          0.
   0.          0.        ]
 [ 0.         -0.57348374  0.0939575  -0.17299448  0.          0.
   0.          0.          0.          0.          0.          0.
   0.          0.        ]
 [ 0.33310398  0.0939575  -1.55785121  0.         -0.40158895  0.84191686
   0.          0.          0.          0.          0.          0.
   0.          0.        ]
 [ 0.13395348 -0.17299448  0.         -1.76037709  0.20469728  0.20796618
   0.          0.          0.          0.          0.          0.
   0.          0.        ]
 [ 0.          0.         -0.40158895  0.20469728  0.23378587  0.
  -0.3351382  -0.41590321  0.          0.          0.          0.
   0.          0.        ]
 [ 0.          0.          0.84191686  0.20796618  0.         -0.83775148
  -0.1307396  -0.21202298  0.          0.          0.          0.
   0.          0.        ]
 [ 0.          0.          0.          0.         -0.3351382  -0.1307396
  -6.14831343  0.          3.14673567  2.66388845  0.          0.
   0.          0.        ]
 [ 0.          0.          0.          0.         -0.41590321 -0.21202298
   0.         -4.71195213  2.37079477  2.50179553  0.          0.
   0.          0.        ]
 [ 0.          0.          0.          0.          0.          0.
   3.14673567  2.37079477 -5.89299174  0.          0.13285157  0.13475055
   0.          0.        ]
 [ 0.          0.          0.          0.          0.          0.
   2.66388845  2.50179553  0.         -6.27690159  0.04548366  0.04738263
   0.          0.        ]
 [ 0.          0.          0.          0.          0.          0.
   0.          0.          0.13285157  0.04548366 -2.28010521  0.
   0.47024679  0.48671681]
 [ 0.          0.          0.          0.          0.          0.
   0.          0.          0.13475055  0.04738263  0.         -2.44103051
   0.48821893  0.50470638]
 [ 0.          0.          0.          0.          0.          0.
   0.          0.          0.          0.          0.47024679  0.48821893
  -1.65782586  0.        ]
 [ 0.          0.          0.          0.          0.          0.
   0.          0.          0.          0.          0.48671681  0.50470638
   0.         -1.66315734]] 


The result of the noisy quantum optimisation using QAOA is: 
'best measurement' {'state': 6762, 'bitstring': '01101001101010', 'value': (-47.55087107419968+0j), 'probability': 0.001}Optimal parameters: {ParameterVectorElement(β[0]): 2.0578100944057374, ParameterVectorElement(γ[0]): 1.9275477854621528}'The ground state energy with noisy QAOA is: ' 17.954320818185806Aer Simulator run time: 77.62460327148438 seconds